 -88.306534   30.227852
 -88.313316   30.229822
 -88.311798   30.232677
 -88.307831   30.233526
 -88.293961   30.233244
 -88.224304   30.246834
 -88.146721   30.255896
 -88.130585   30.262974
 -88.125771   30.285625
 -88.083298   30.257877
 -88.075653   30.251648
 -88.075027   30.247019
 -88.079849   30.244583
 -88.109856   30.241962
 -88.120155   30.245947
 -88.140648   30.248907
 -88.176910   30.248274
 -88.224434   30.241825
 -88.280571   30.230070
 -88.306534   30.227852
